51 51
 100.000 100.000 100.000 100.000 100.000 100.000 100.000 100.000 100.000 100.000 100.000 100.000 100.000 100.000 100.000 100.000 100.000 100.000 100.000 100.000 100.000 100.000 100.000 100.000 100.000 100.000 100.000 100.000 100.000 100.000 100.000 100.000 100.000 100.000 100.000 100.000 100.000 100.000 100.000 100.000 100.000 100.000 100.000 100.000 100.000 100.000 100.000 100.000 100.000 100.000 100.000
 0.000 46.955 63.819 70.472 73.252 74.436 74.936 75.140 75.221 75.250 75.261 75.264 75.265 75.266 75.266 75.266 75.266 75.266 75.266 75.266 75.266 75.266 75.266 75.266 75.266 75.266 75.266 75.266 75.266 75.266 75.266 75.266 75.266 75.266 75.266 75.266 75.266 75.266 75.265 75.264 75.261 75.250 75.221 75.140 74.936 74.436 73.252 70.472 63.819 46.955 0.000
 0.000 24.574 38.937 46.336 49.936 51.613 52.359 52.675 52.801 52.848 52.865 52.871 52.873 52.873 52.873 52.873 52.873 52.873 52.873 52.873 52.873 52.873 52.873 52.873 52.873 52.873 52.873 52.873 52.873 52.873 52.873 52.873 52.873 52.873 52.873 52.873 52.873 52.873 52.873 52.871 52.865 52.848 52.801 52.675 52.359 51.613 49.936 46.336 38.937 24.574 0.000
 0.000 13.387 22.900 28.614 31.711 33.263 33.989 34.307 34.436 34.486 34.504 34.510 34.511 34.512 34.512 34.512 34.512 34.512 34.512 34.512 34.512 34.512 34.512 34.512 34.512 34.512 34.512 34.512 34.512 34.512 34.512 34.512 34.512 34.512 34.512 34.512 34.512 34.512 34.511 34.510 34.504 34.486 34.436 34.307 33.989 33.263 31.711 28.614 22.900 13.387 0.000
 0.000 7.229 12.862 16.573 18.738 19.886 20.445 20.697 20.802 20.843 20.857 20.862 20.864 20.864 20.864 20.864 20.864 20.864 20.864 20.864 20.864 20.864 20.864 20.864 20.864 20.864 20.864 20.864 20.864 20.864 20.864 20.864 20.864 20.864 20.864 20.864 20.864 20.864 20.864 20.862 20.857 20.843 20.802 20.697 20.445 19.886 18.738 16.573 12.862 7.229 0.000
 0.000 3.756 6.828 8.969 10.284 11.010 11.375 11.543 11.615 11.643 11.653 11.656 11.657 11.658 11.658 11.658 11.658 11.658 11.658 11.658 11.658 11.658 11.658 11.658 11.658 11.658 11.658 11.658 11.658 11.658 11.658 11.658 11.658 11.658 11.658 11.658 11.658 11.658 11.657 11.656 11.653 11.643 11.615 11.543 11.375 11.010 10.284 8.969 6.828 3.756 0.000
 0.000 1.847 3.399 4.520 5.233 5.638 5.847 5.945 5.987 6.003 6.009 6.011 6.012 6.012 6.012 6.012 6.012 6.012 6.012 6.012 6.012 6.012 6.012 6.012 6.012 6.012 6.012 6.012 6.012 6.012 6.012 6.012 6.012 6.012 6.012 6.012 6.012 6.012 6.012 6.011 6.009 6.003 5.987 5.945 5.847 5.638 5.233 4.520 3.399 1.847 0.000
 0.000 0.851 1.578 2.116 2.465 2.669 2.775 2.825 2.847 2.856 2.859 2.860 2.860 2.860 2.860 2.860 2.860 2.861 2.861 2.861 2.861 2.861 2.861 2.861 2.861 2.861 2.861 2.861 2.861 2.861 2.861 2.861 2.861 2.861 2.861 2.860 2.860 2.860 2.860 2.860 2.859 2.856 2.847 2.825 2.775 2.669 2.465 2.116 1.578 0.851 0.000
 0.000 0.366 0.681 0.918 1.075 1.167 1.216 1.239 1.249 1.253 1.255 1.255 1.255 1.255 1.255 1.255 1.255 1.256 1.256 1.256 1.256 1.256 1.257 1.257 1.258 1.258 1.258 1.258 1.257 1.257 1.256 1.256 1.256 1.256 1.256 1.255 1.255 1.255 1.255 1.255 1.255 1.253 1.249 1.239 1.216 1.167 1.075 0.918 0.681 0.366 0.000
 0.000 0.146 0.273 0.369 0.433 0.472 0.492 0.502 0.506 0.508 0.508 0.508 0.508 0.508 0.508 0.509 0.509 0.509 0.509 0.510 0.511 0.512 0.514 0.516 0.517 0.518 0.518 0.517 0.516 0.514 0.512 0.511 0.510 0.509 0.509 0.509 0.509 0.508 0.508 0.508 0.508 0.508 0.506 0.502 0.492 0.472 0.433 0.369 0.273 0.146 0.000
 0.000 0.054 0.101 0.137 0.162 0.176 0.184 0.188 0.189 0.190 0.190 0.190 0.190 0.190 0.190 0.190 0.191 0.192 0.193 0.196 0.199 0.205 0.210 0.216 0.221 0.224 0.224 0.221 0.216 0.210 0.205 0.199 0.196 0.193 0.192 0.191 0.190 0.190 0.190 0.190 0.190 0.190 0.189 0.188 0.184 0.176 0.162 0.137 0.101 0.054 0.000
 0.000 0.019 0.035 0.047 0.056 0.061 0.064 0.065 0.065 0.066 0.066 0.066 0.066 0.066 0.066 0.067 0.068 0.071 0.076 0.084 0.097 0.114 0.133 0.152 0.168 0.176 0.176 0.168 0.152 0.133 0.114 0.097 0.084 0.076 0.071 0.068 0.067 0.066 0.066 0.066 0.066 0.066 0.065 0.065 0.064 0.061 0.056 0.047 0.035 0.019 0.000
 0.000 0.006 0.011 0.015 0.018 0.019 0.020 0.021 0.021 0.021 0.021 0.021 0.021 0.021 0.022 0.024 0.028 0.037 0.053 0.080 0.119 0.170 0.228 0.286 0.333 0.359 0.359 0.333 0.286 0.228 0.170 0.119 0.080 0.053 0.037 0.028 0.024 0.022 0.021 0.021 0.021 0.021 0.021 0.021 0.020 0.019 0.018 0.015 0.011 0.006 0.000
 0.000 0.002 0.003 0.004 0.005 0.006 0.006 0.006 0.006 0.006 0.006 0.006 0.007 0.007 0.010 0.015 0.028 0.053 0.099 0.175 0.286 0.429 0.594 0.755 0.885 0.958 0.958 0.885 0.755 0.594 0.429 0.286 0.175 0.099 0.053 0.028 0.015 0.010 0.007 0.007 0.006 0.006 0.006 0.006 0.006 0.006 0.005 0.004 0.003 0.002 0.000
 0.000 0.000 0.001 0.001 0.001 0.002 0.002 0.002 0.002 0.002 0.002 0.002 0.003 0.005 0.011 0.027 0.061 0.129 0.251 0.450 0.739 1.113 1.538 1.954 2.290 2.477 2.477 2.290 1.954 1.538 1.113 0.739 0.450 0.251 0.129 0.061 0.027 0.011 0.005 0.003 0.002 0.002 0.002 0.002 0.002 0.002 0.001 0.001 0.001 0.000 0.000
 0.000 0.000 0.000 0.000 0.000 0.000 0.000 0.000 0.000 0.000 0.001 0.001 0.003 0.009 0.026 0.064 0.149 0.316 0.615 1.098 1.794 2.688 3.703 4.695 5.493 5.938 5.938 5.493 4.695 3.703 2.688 1.794 1.098 0.615 0.316 0.149 0.064 0.026 0.009 0.003 0.001 0.001 0.000 0.000 0.000 0.000 0.000 0.000 0.000 0.000 0.000
 0.000 0.000 0.000 0.000 0.000 0.000 0.000 0.000 0.000 0.000 0.001 0.002 0.007 0.022 0.059 0.148 0.341 0.720 1.392 2.468 4.011 5.987 8.219 10.398 12.146 13.121 13.121 12.146 10.398 8.219 5.987 4.011 2.468 1.392 0.720 0.341 0.148 0.059 0.022 0.007 0.002 0.001 0.000 0.000 0.000 0.000 0.000 0.000 0.000 0.000 0.000
 0.000 0.000 0.000 0.000 0.000 0.000 0.000 0.000 0.000 0.000 0.001 0.005 0.016 0.047 0.127 0.316 0.720 1.507 2.895 5.101 8.251 12.269 16.795 21.204 24.736 26.706 26.706 24.736 21.204 16.795 12.269 8.251 5.101 2.895 1.507 0.720 0.316 0.127 0.047 0.016 0.005 0.001 0.000 0.000 0.000 0.000 0.000 0.000 0.000 0.000 0.000
 0.000 0.000 0.000 0.000 0.000 0.000 0.000 0.000 0.000 0.001 0.003 0.010 0.032 0.093 0.250 0.615 1.392 2.895 5.526 9.688 15.608 23.131 31.584 39.804 46.382 50.048 50.048 46.382 39.804 31.584 23.131 15.608 9.688 5.526 2.895 1.392 0.615 0.250 0.093 0.032 0.010 0.003 0.001 0.000 0.000 0.000 0.000 0.000 0.000 0.000 0.000
 0.000 0.000 0.000 0.000 0.000 0.000 0.000 0.000 0.000 0.002 0.006 0.019 0.059 0.169 0.449 1.097 2.468 5.101 9.688 16.913 27.151 40.125 54.670 68.793 80.085 86.374 86.374 80.085 68.793 54.670 40.125 27.151 16.913 9.688 5.101 2.468 1.097 0.449 0.169 0.059 0.019 0.006 0.002 0.000 0.000 0.000 0.000 0.000 0.000 0.000 0.000
 0.000 0.000 0.000 0.000 0.000 0.000 0.000 0.000 0.001 0.003 0.009 0.031 0.098 0.279 0.738 1.793 4.011 8.251 15.608 27.151 43.459 64.077 87.151 109.527 127.403 137.353 137.353 127.403 109.527 87.151 64.077 43.459 27.151 15.608 8.251 4.011 1.793 0.738 0.279 0.098 0.031 0.009 0.003 0.001 0.000 0.000 0.000 0.000 0.000 0.000 0.000
 0.000 0.000 0.000 0.000 0.000 0.000 0.000 0.000 0.001 0.004 0.014 0.048 0.149 0.423 1.111 2.688 5.987 12.269 23.131 40.125 64.077 94.302 128.078 160.800 186.923 201.459 201.459 186.923 160.800 128.078 94.302 64.077 40.125 23.131 12.269 5.987 2.688 1.111 0.423 0.149 0.048 0.014 0.004 0.001 0.000 0.000 0.000 0.000 0.000 0.000 0.000
 0.000 0.000 0.000 0.000 0.000 0.000 0.000 0.000 0.001 0.006 0.020 0.067 0.207 0.587 1.536 3.702 8.219 16.795 31.584 54.670 87.151 128.078 173.765 217.989 253.278 272.909 272.909 253.278 217.989 173.765 128.078 87.151 54.670 31.584 16.795 8.219 3.702 1.536 0.587 0.207 0.067 0.020 0.006 0.001 0.000 0.000 0.000 0.000 0.000 0.000 0.000
 0.000 0.000 0.000 0.000 0.000 0.000 0.000 0.000 0.002 0.007 0.026 0.087 0.265 0.749 1.953 4.695 10.398 21.204 39.804 68.793 109.527 160.800 217.989 273.318 317.452 341.998 341.998 317.452 273.318 217.989 160.800 109.527 68.793 39.804 21.204 10.398 4.695 1.953 0.749 0.265 0.087 0.026 0.007 0.002 0.000 0.000 0.000 0.000 0.000 0.000 0.000
 0.000 0.000 0.000 0.000 0.000 0.000 0.000 0.001 0.002 0.009 0.031 0.102 0.312 0.879 2.288 5.492 12.146 24.736 46.382 80.085 127.403 186.923 253.278 317.452 368.627 397.087 397.087 368.627 317.452 253.278 186.923 127.403 80.085 46.382 24.736 12.146 5.492 2.288 0.879 0.312 0.102 0.031 0.009 0.002 0.001 0.000 0.000 0.000 0.000 0.000 0.000
 0.000 0.000 0.000 0.000 0.000 0.000 0.000 0.001 0.002 0.009 0.034 0.111 0.338 0.952 2.476 5.937 13.121 26.706 50.048 86.374 137.353 201.459 272.909 341.998 397.087 427.721 427.721 397.087 341.998 272.909 201.459 137.353 86.374 50.048 26.706 13.121 5.937 2.476 0.952 0.338 0.111 0.034 0.009 0.002 0.001 0.000 0.000 0.000 0.000 0.000 0.000
 0.000 0.000 0.000 0.000 0.000 0.000 0.000 0.001 0.002 0.009 0.034 0.111 0.338 0.952 2.476 5.937 13.121 26.706 50.048 86.374 137.353 201.459 272.909 341.998 397.087 427.721 427.721 397.087 341.998 272.909 201.459 137.353 86.374 50.048 26.706 13.121 5.937 2.476 0.952 0.338 0.111 0.034 0.009 0.002 0.001 0.000 0.000 0.000 0.000 0.000 0.000
 0.000 0.000 0.000 0.000 0.000 0.000 0.000 0.001 0.002 0.009 0.031 0.102 0.312 0.879 2.288 5.492 12.146 24.736 46.382 80.085 127.403 186.923 253.278 317.452 368.627 397.087 397.087 368.627 317.452 253.278 186.923 127.403 80.085 46.382 24.736 12.146 5.492 2.288 0.879 0.312 0.102 0.031 0.009 0.002 0.001 0.000 0.000 0.000 0.000 0.000 0.000
 0.000 0.000 0.000 0.000 0.000 0.000 0.000 0.000 0.002 0.007 0.026 0.087 0.265 0.749 1.953 4.695 10.398 21.204 39.804 68.793 109.527 160.800 217.989 273.318 317.452 341.998 341.998 317.452 273.318 217.989 160.800 109.527 68.793 39.804 21.204 10.398 4.695 1.953 0.749 0.265 0.087 0.026 0.007 0.002 0.000 0.000 0.000 0.000 0.000 0.000 0.000
 0.000 0.000 0.000 0.000 0.000 0.000 0.000 0.000 0.001 0.006 0.020 0.067 0.207 0.587 1.536 3.702 8.219 16.795 31.584 54.670 87.151 128.078 173.765 217.989 253.278 272.909 272.909 253.278 217.989 173.765 128.078 87.151 54.670 31.584 16.795 8.219 3.702 1.536 0.587 0.207 0.067 0.020 0.006 0.001 0.000 0.000 0.000 0.000 0.000 0.000 0.000
 0.000 0.000 0.000 0.000 0.000 0.000 0.000 0.000 0.001 0.004 0.014 0.048 0.149 0.423 1.111 2.688 5.987 12.269 23.131 40.125 64.077 94.302 128.078 160.800 186.923 201.459 201.459 186.923 160.800 128.078 94.302 64.077 40.125 23.131 12.269 5.987 2.688 1.111 0.423 0.149 0.048 0.014 0.004 0.001 0.000 0.000 0.000 0.000 0.000 0.000 0.000
 0.000 0.000 0.000 0.000 0.000 0.000 0.000 0.000 0.001 0.003 0.009 0.031 0.098 0.279 0.738 1.793 4.011 8.251 15.608 27.151 43.459 64.077 87.151 109.527 127.403 137.353 137.353 127.403 109.527 87.151 64.077 43.459 27.151 15.608 8.251 4.011 1.793 0.738 0.279 0.098 0.031 0.009 0.003 0.001 0.000 0.000 0.000 0.000 0.000 0.000 0.000
 0.000 0.000 0.000 0.000 0.000 0.000 0.000 0.000 0.000 0.002 0.006 0.019 0.059 0.169 0.449 1.097 2.468 5.101 9.688 16.913 27.151 40.125 54.670 68.793 80.085 86.374 86.374 80.085 68.793 54.670 40.125 27.151 16.913 9.688 5.101 2.468 1.097 0.449 0.169 0.059 0.019 0.006 0.002 0.000 0.000 0.000 0.000 0.000 0.000 0.000 0.000
 0.000 0.000 0.000 0.000 0.000 0.000 0.000 0.000 0.000 0.001 0.003 0.010 0.032 0.093 0.250 0.615 1.392 2.895 5.526 9.688 15.608 23.131 31.584 39.804 46.382 50.048 50.048 46.382 39.804 31.584 23.131 15.608 9.688 5.526 2.895 1.392 0.615 0.250 0.093 0.032 0.010 0.003 0.001 0.000 0.000 0.000 0.000 0.000 0.000 0.000 0.000
 0.000 0.000 0.000 0.000 0.000 0.000 0.000 0.000 0.000 0.000 0.001 0.005 0.016 0.047 0.127 0.316 0.720 1.507 2.895 5.101 8.251 12.269 16.795 21.204 24.736 26.706 26.706 24.736 21.204 16.795 12.269 8.251 5.101 2.895 1.507 0.720 0.316 0.127 0.047 0.016 0.005 0.001 0.000 0.000 0.000 0.000 0.000 0.000 0.000 0.000 0.000
 0.000 0.000 0.000 0.000 0.000 0.000 0.000 0.000 0.000 0.000 0.001 0.002 0.007 0.022 0.059 0.148 0.341 0.720 1.392 2.468 4.011 5.987 8.219 10.398 12.146 13.121 13.121 12.146 10.398 8.219 5.987 4.011 2.468 1.392 0.720 0.341 0.148 0.059 0.022 0.007 0.002 0.001 0.000 0.000 0.000 0.000 0.000 0.000 0.000 0.000 0.000
 0.000 0.000 0.000 0.000 0.000 0.000 0.000 0.000 0.000 0.000 0.000 0.001 0.003 0.009 0.025 0.064 0.148 0.316 0.615 1.097 1.793 2.688 3.702 4.695 5.492 5.937 5.937 5.492 4.695 3.702 2.688 1.793 1.097 0.615 0.316 0.148 0.064 0.025 0.009 0.003 0.001 0.000 0.000 0.000 0.000 0.000 0.000 0.000 0.000 0.000 0.000
 0.000 0.000 0.000 0.000 0.000 0.000 0.000 0.000 0.000 0.000 0.000 0.000 0.001 0.003 0.010 0.025 0.059 0.127 0.250 0.449 0.738 1.111 1.536 1.953 2.288 2.476 2.476 2.288 1.953 1.536 1.111 0.738 0.449 0.250 0.127 0.059 0.025 0.010 0.003 0.001 0.000 0.000 0.000 0.000 0.000 0.000 0.000 0.000 0.000 0.000 0.000
 0.000 0.000 0.000 0.000 0.000 0.000 0.000 0.000 0.000 0.000 0.000 0.000 0.000 0.001 0.003 0.009 0.022 0.047 0.093 0.169 0.279 0.423 0.587 0.749 0.879 0.952 0.952 0.879 0.749 0.587 0.423 0.279 0.169 0.093 0.047 0.022 0.009 0.003 0.001 0.000 0.000 0.000 0.000 0.000 0.000 0.000 0.000 0.000 0.000 0.000 0.000
 0.000 0.000 0.000 0.000 0.000 0.000 0.000 0.000 0.000 0.000 0.000 0.000 0.000 0.000 0.001 0.003 0.007 0.016 0.032 0.059 0.098 0.149 0.207 0.265 0.312 0.338 0.338 0.312 0.265 0.207 0.149 0.098 0.059 0.032 0.016 0.007 0.003 0.001 0.000 0.000 0.000 0.000 0.000 0.000 0.000 0.000 0.000 0.000 0.000 0.000 0.000
 0.000 0.000 0.000 0.000 0.000 0.000 0.000 0.000 0.000 0.000 0.000 0.000 0.000 0.000 0.000 0.001 0.002 0.005 0.010 0.019 0.031 0.048 0.067 0.087 0.102 0.111 0.111 0.102 0.087 0.067 0.048 0.031 0.019 0.010 0.005 0.002 0.001 0.000 0.000 0.000 0.000 0.000 0.000 0.000 0.000 0.000 0.000 0.000 0.000 0.000 0.000
 0.000 0.000 0.000 0.000 0.000 0.000 0.000 0.000 0.000 0.000 0.000 0.000 0.000 0.000 0.000 0.000 0.001 0.001 0.003 0.006 0.009 0.014 0.020 0.026 0.031 0.034 0.034 0.031 0.026 0.020 0.014 0.009 0.006 0.003 0.001 0.001 0.000 0.000 0.000 0.000 0.000 0.000 0.000 0.000 0.000 0.000 0.000 0.000 0.000 0.000 0.000
 0.000 0.000 0.000 0.000 0.000 0.000 0.000 0.000 0.000 0.000 0.000 0.000 0.000 0.000 0.000 0.000 0.000 0.000 0.001 0.002 0.003 0.004 0.006 0.007 0.009 0.009 0.009 0.009 0.007 0.006 0.004 0.003 0.002 0.001 0.000 0.000 0.000 0.000 0.000 0.000 0.000 0.000 0.000 0.000 0.000 0.000 0.000 0.000 0.000 0.000 0.000
 0.000 0.000 0.000 0.000 0.000 0.000 0.000 0.000 0.000 0.000 0.000 0.000 0.000 0.000 0.000 0.000 0.000 0.000 0.000 0.000 0.001 0.001 0.001 0.002 0.002 0.002 0.002 0.002 0.002 0.001 0.001 0.001 0.000 0.000 0.000 0.000 0.000 0.000 0.000 0.000 0.000 0.000 0.000 0.000 0.000 0.000 0.000 0.000 0.000 0.000 0.000
 0.000 0.000 0.000 0.000 0.000 0.000 0.000 0.000 0.000 0.000 0.000 0.000 0.000 0.000 0.000 0.000 0.000 0.000 0.000 0.000 0.000 0.000 0.000 0.000 0.001 0.001 0.001 0.001 0.000 0.000 0.000 0.000 0.000 0.000 0.000 0.000 0.000 0.000 0.000 0.000 0.000 0.000 0.000 0.000 0.000 0.000 0.000 0.000 0.000 0.000 0.000
 0.000 0.000 0.000 0.000 0.000 0.000 0.000 0.000 0.000 0.000 0.000 0.000 0.000 0.000 0.000 0.000 0.000 0.000 0.000 0.000 0.000 0.000 0.000 0.000 0.000 0.000 0.000 0.000 0.000 0.000 0.000 0.000 0.000 0.000 0.000 0.000 0.000 0.000 0.000 0.000 0.000 0.000 0.000 0.000 0.000 0.000 0.000 0.000 0.000 0.000 0.000
 0.000 0.000 0.000 0.000 0.000 0.000 0.000 0.000 0.000 0.000 0.000 0.000 0.000 0.000 0.000 0.000 0.000 0.000 0.000 0.000 0.000 0.000 0.000 0.000 0.000 0.000 0.000 0.000 0.000 0.000 0.000 0.000 0.000 0.000 0.000 0.000 0.000 0.000 0.000 0.000 0.000 0.000 0.000 0.000 0.000 0.000 0.000 0.000 0.000 0.000 0.000
 0.000 0.000 0.000 0.000 0.000 0.000 0.000 0.000 0.000 0.000 0.000 0.000 0.000 0.000 0.000 0.000 0.000 0.000 0.000 0.000 0.000 0.000 0.000 0.000 0.000 0.000 0.000 0.000 0.000 0.000 0.000 0.000 0.000 0.000 0.000 0.000 0.000 0.000 0.000 0.000 0.000 0.000 0.000 0.000 0.000 0.000 0.000 0.000 0.000 0.000 0.000
 0.000 0.000 0.000 0.000 0.000 0.000 0.000 0.000 0.000 0.000 0.000 0.000 0.000 0.000 0.000 0.000 0.000 0.000 0.000 0.000 0.000 0.000 0.000 0.000 0.000 0.000 0.000 0.000 0.000 0.000 0.000 0.000 0.000 0.000 0.000 0.000 0.000 0.000 0.000 0.000 0.000 0.000 0.000 0.000 0.000 0.000 0.000 0.000 0.000 0.000 0.000
 0.000 0.000 0.000 0.000 0.000 0.000 0.000 0.000 0.000 0.000 0.000 0.000 0.000 0.000 0.000 0.000 0.000 0.000 0.000 0.000 0.000 0.000 0.000 0.000 0.000 0.000 0.000 0.000 0.000 0.000 0.000 0.000 0.000 0.000 0.000 0.000 0.000 0.000 0.000 0.000 0.000 0.000 0.000 0.000 0.000 0.000 0.000 0.000 0.000 0.000 0.000
 0.000 0.000 0.000 0.000 0.000 0.000 0.000 0.000 0.000 0.000 0.000 0.000 0.000 0.000 0.000 0.000 0.000 0.000 0.000 0.000 0.000 0.000 0.000 0.000 0.000 0.000 0.000 0.000 0.000 0.000 0.000 0.000 0.000 0.000 0.000 0.000 0.000 0.000 0.000 0.000 0.000 0.000 0.000 0.000 0.000 0.000 0.000 0.000 0.000 0.000 0.000
