51 51
 100.000 100.000 100.000 100.000 100.000 100.000 100.000 100.000 100.000 100.000 100.000 100.000 100.000 100.000 100.000 100.000 100.000 100.000 100.000 100.000 100.000 100.000 100.000 100.000 100.000 100.000 100.000 100.000 100.000 100.000 100.000 100.000 100.000 100.000 100.000 100.000 100.000 100.000 100.000 100.000 100.000 100.000 100.000 100.000 100.000 100.000 100.000 100.000 100.000 100.000 100.000
 0.000 48.444 66.690 74.539 78.281 80.188 81.197 81.738 82.027 82.180 82.259 82.299 82.319 82.328 82.333 82.334 82.335 82.336 82.336 82.336 82.336 82.336 82.336 82.336 82.336 82.336 82.336 82.336 82.336 82.336 82.336 82.336 82.336 82.336 82.335 82.334 82.333 82.328 82.319 82.299 82.259 82.180 82.027 81.738 81.197 80.188 78.281 74.539 66.690 48.444 0.000
 0.000 27.235 44.072 53.610 58.932 61.904 63.563 64.481 64.983 65.252 65.393 65.465 65.500 65.517 65.525 65.529 65.530 65.531 65.531 65.531 65.532 65.532 65.532 65.532 65.532 65.532 65.532 65.532 65.532 65.532 65.532 65.532 65.531 65.531 65.530 65.529 65.525 65.517 65.500 65.465 65.393 65.252 64.983 64.481 63.563 61.904 58.932 53.610 44.072 27.235 0.000
 0.000 16.704 29.301 37.682 42.930 46.101 47.969 49.042 49.644 49.973 50.147 50.237 50.282 50.303 50.313 50.318 50.320 50.321 50.321 50.322 50.323 50.323 50.324 50.324 50.324 50.325 50.325 50.324 50.324 50.324 50.323 50.322 50.322 50.321 50.320 50.318 50.313 50.303 50.282 50.237 50.147 49.973 49.644 49.042 47.969 46.101 42.930 37.682 29.301 16.704 0.000
 0.000 10.650 19.467 25.933 30.322 33.147 34.891 35.930 36.528 36.861 37.040 37.133 37.180 37.203 37.213 37.218 37.221 37.222 37.224 37.225 37.226 37.228 37.229 37.230 37.231 37.232 37.232 37.231 37.230 37.229 37.228 37.226 37.225 37.223 37.222 37.219 37.214 37.203 37.180 37.133 37.040 36.861 36.528 35.930 34.891 33.147 30.322 25.933 19.467 10.650 0.000
 0.000 6.846 12.794 17.428 20.757 23.006 24.450 25.336 25.859 26.156 26.318 26.403 26.447 26.468 26.478 26.484 26.487 26.489 26.492 26.495 26.498 26.501 26.505 26.508 26.510 26.511 26.511 26.510 26.508 26.505 26.501 26.498 26.495 26.492 26.489 26.485 26.479 26.469 26.447 26.404 26.318 26.156 25.859 25.336 24.450 23.006 20.757 17.428 12.794 6.846 0.000
 0.000 4.357 8.245 11.395 13.750 15.400 16.493 17.183 17.598 17.838 17.971 18.041 18.078 18.096 18.106 18.112 18.116 18.121 18.127 18.133 18.141 18.149 18.157 18.164 18.170 18.172 18.172 18.170 18.164 18.157 18.149 18.141 18.133 18.126 18.120 18.115 18.108 18.098 18.079 18.042 17.971 17.838 17.598 17.183 16.493 15.400 13.750 11.395 8.245 4.357 0.000
 0.000 2.714 5.177 7.224 8.798 9.932 10.703 11.199 11.504 11.682 11.783 11.837 11.866 11.881 11.891 11.898 11.906 11.916 11.929 11.944 11.961 11.980 11.998 12.014 12.026 12.032 12.032 12.026 12.014 11.998 11.980 11.961 11.944 11.928 11.916 11.905 11.895 11.884 11.868 11.838 11.783 11.683 11.504 11.199 10.703 9.932 8.798 7.224 5.177 2.714 0.000
 0.000 1.644 3.152 4.427 5.429 6.165 6.676 7.010 7.219 7.343 7.414 7.454 7.476 7.489 7.501 7.513 7.528 7.549 7.576 7.609 7.647 7.688 7.728 7.763 7.789 7.803 7.803 7.789 7.763 7.728 7.688 7.647 7.609 7.576 7.549 7.528 7.511 7.496 7.480 7.456 7.416 7.344 7.219 7.011 6.676 6.165 5.429 4.427 3.152 1.644 0.000
 0.000 0.964 1.855 2.618 3.226 3.680 4.000 4.213 4.347 4.429 4.476 4.504 4.522 4.537 4.554 4.577 4.609 4.652 4.709 4.778 4.858 4.943 5.026 5.099 5.154 5.183 5.183 5.154 5.099 5.026 4.943 4.858 4.778 4.709 4.652 4.608 4.575 4.551 4.531 4.509 4.479 4.430 4.348 4.213 4.000 3.680 3.226 2.618 1.855 0.964 0.000
 0.000 0.546 1.053 1.491 1.844 2.111 2.301 2.429 2.512 2.563 2.594 2.615 2.634 2.655 2.685 2.729 2.793 2.880 2.994 3.133 3.293 3.464 3.630 3.776 3.885 3.944 3.944 3.885 3.776 3.630 3.464 3.293 3.133 2.994 2.880 2.792 2.728 2.683 2.651 2.625 2.600 2.566 2.513 2.430 2.301 2.111 1.844 1.491 1.053 0.546 0.000
 0.000 0.298 0.575 0.816 1.013 1.163 1.270 1.344 1.393 1.424 1.447 1.467 1.492 1.528 1.583 1.668 1.790 1.959 2.178 2.446 2.754 3.081 3.401 3.681 3.890 4.001 4.001 3.890 3.681 3.401 3.081 2.754 2.446 2.178 1.959 1.790 1.667 1.582 1.525 1.487 1.458 1.430 1.396 1.346 1.271 1.163 1.013 0.816 0.575 0.298 0.000
 0.000 0.156 0.302 0.430 0.534 0.615 0.673 0.715 0.743 0.764 0.785 0.810 0.850 0.914 1.016 1.172 1.399 1.711 2.115 2.610 3.175 3.777 4.364 4.878 5.261 5.466 5.466 5.261 4.878 4.364 3.777 3.175 2.610 2.115 1.711 1.399 1.172 1.016 0.913 0.847 0.805 0.775 0.749 0.717 0.675 0.615 0.535 0.430 0.302 0.156 0.000
 0.000 0.079 0.153 0.217 0.271 0.312 0.343 0.366 0.385 0.403 0.427 0.467 0.535 0.647 0.829 1.105 1.507 2.059 2.773 3.645 4.642 5.701 6.734 7.637 8.310 8.669 8.669 8.310 7.637 6.734 5.701 4.642 3.645 2.773 2.058 1.507 1.105 0.828 0.647 0.533 0.464 0.423 0.395 0.371 0.346 0.313 0.271 0.218 0.153 0.079 0.000
 0.000 0.038 0.074 0.106 0.132 0.153 0.169 0.184 0.199 0.220 0.256 0.321 0.435 0.627 0.935 1.405 2.086 3.020 4.229 5.701 7.382 9.166 10.905 12.425 13.556 14.160 14.160 13.556 12.425 10.905 9.166 7.382 5.701 4.229 3.020 2.086 1.405 0.935 0.626 0.434 0.320 0.254 0.216 0.192 0.173 0.155 0.133 0.106 0.074 0.038 0.000
 0.000 0.018 0.035 0.049 0.062 0.073 0.083 0.094 0.111 0.142 0.199 0.304 0.489 0.801 1.303 2.067 3.173 4.685 6.641 9.020 11.733 14.610 17.413 19.863 21.684 22.656 22.656 21.684 19.863 17.413 14.610 11.733 9.020 6.641 4.685 3.173 2.067 1.303 0.801 0.488 0.303 0.198 0.140 0.108 0.089 0.076 0.063 0.050 0.035 0.018 0.000
 0.000 0.008 0.016 0.022 0.029 0.035 0.043 0.055 0.079 0.124 0.213 0.376 0.666 1.153 1.934 3.123 4.839 7.183 10.211 13.890 18.082 22.524 26.848 30.625 33.433 34.931 34.931 33.433 30.625 26.848 22.524 18.082 13.890 10.211 7.183 4.839 3.123 1.934 1.153 0.666 0.376 0.212 0.124 0.077 0.053 0.040 0.031 0.023 0.016 0.008 0.000
 0.000 0.003 0.007 0.010 0.014 0.019 0.027 0.043 0.077 0.145 0.277 0.522 0.954 1.682 2.845 4.612 7.160 10.638 15.123 20.569 26.768 33.331 39.718 45.294 49.437 51.648 51.648 49.437 45.294 39.718 33.331 26.768 20.569 15.123 10.638 7.160 4.612 2.845 1.681 0.954 0.522 0.277 0.145 0.077 0.042 0.025 0.017 0.011 0.007 0.004 0.000
 0.000 0.002 0.003 0.005 0.008 0.013 0.023 0.046 0.094 0.192 0.381 0.731 1.349 2.386 4.043 6.558 10.177 15.113 21.470 29.185 37.958 47.243 56.272 64.153 70.007 73.130 73.130 70.007 64.153 56.272 47.243 37.958 29.185 21.470 15.113 10.177 6.558 4.043 2.386 1.349 0.731 0.381 0.192 0.094 0.046 0.023 0.012 0.007 0.004 0.002 0.000
 0.000 0.001 0.002 0.003 0.006 0.012 0.026 0.057 0.123 0.257 0.516 0.995 1.839 3.254 5.511 8.933 13.853 20.554 29.180 39.638 51.525 64.098 76.319 86.982 94.901 99.126 99.126 94.901 86.982 76.319 64.098 51.525 39.638 29.180 20.554 13.853 8.933 5.511 3.254 1.839 0.995 0.516 0.257 0.123 0.057 0.026 0.012 0.005 0.003 0.001 0.000
 0.000 0.000 0.001 0.003 0.006 0.014 0.032 0.073 0.159 0.335 0.674 1.301 2.403 4.249 7.190 11.644 18.043 26.751 37.952 51.524 66.941 83.240 99.077 112.891 123.149 128.620 128.620 123.149 112.891 99.077 83.240 66.941 51.524 37.952 26.751 18.043 11.644 7.190 4.249 2.403 1.301 0.674 0.335 0.159 0.073 0.032 0.014 0.006 0.002 0.001 0.000
 0.000 0.000 0.001 0.003 0.007 0.017 0.040 0.091 0.199 0.419 0.844 1.627 3.003 5.307 8.973 14.520 22.484 33.314 47.236 64.096 83.239 103.470 123.122 140.259 152.982 159.767 159.767 152.982 140.259 123.122 103.470 83.239 64.096 47.236 33.314 22.484 14.520 8.973 5.307 3.003 1.627 0.844 0.419 0.199 0.091 0.040 0.017 0.007 0.003 0.001 0.000
 0.000 0.000 0.001 0.003 0.008 0.020 0.048 0.109 0.239 0.502 1.010 1.947 3.591 6.339 10.712 17.323 26.808 39.700 56.265 76.316 99.076 123.121 146.473 166.832 181.945 190.004 190.004 181.945 166.832 146.473 123.121 99.076 76.316 56.265 39.700 26.808 17.323 10.712 6.339 3.591 1.947 1.010 0.502 0.239 0.109 0.048 0.020 0.008 0.003 0.001 0.000
 0.000 0.000 0.001 0.004 0.009 0.023 0.055 0.125 0.274 0.575 1.156 2.227 4.105 7.243 12.233 19.772 30.585 45.277 64.146 86.979 112.890 140.259 166.832 189.998 207.192 216.361 216.361 207.192 189.998 166.832 140.259 112.890 86.979 64.146 45.277 30.585 19.772 12.233 7.243 4.105 2.227 1.156 0.575 0.274 0.125 0.055 0.023 0.009 0.004 0.001 0.000
 0.000 0.000 0.001 0.004 0.010 0.025 0.060 0.137 0.300 0.630 1.265 2.435 4.488 7.916 13.364 21.594 33.393 49.420 70.000 94.898 123.148 152.981 181.945 207.192 225.930 235.922 235.922 225.930 207.192 181.945 152.981 123.148 94.898 70.000 49.420 33.393 21.594 13.364 7.916 4.488 2.435 1.265 0.630 0.300 0.137 0.060 0.025 0.010 0.004 0.001 0.000
 0.000 0.000 0.001 0.004 0.011 0.026 0.063 0.143 0.314 0.659 1.324 2.547 4.692 8.275 13.968 22.566 34.891 51.631 73.123 99.123 128.619 159.766 190.004 216.361 235.922 246.352 246.352 235.922 216.361 190.004 159.766 128.619 99.123 73.123 51.631 34.891 22.566 13.968 8.275 4.692 2.547 1.324 0.659 0.314 0.143 0.063 0.026 0.011 0.004 0.001 0.000
 0.000 0.000 0.001 0.004 0.011 0.026 0.063 0.143 0.314 0.659 1.324 2.547 4.692 8.275 13.968 22.566 34.891 51.631 73.123 99.123 128.619 159.766 190.004 216.361 235.922 246.352 246.352 235.922 216.361 190.004 159.766 128.619 99.123 73.123 51.631 34.891 22.566 13.968 8.275 4.692 2.547 1.324 0.659 0.314 0.143 0.063 0.026 0.011 0.004 0.001 0.000
 0.000 0.000 0.001 0.004 0.010 0.025 0.060 0.137 0.300 0.630 1.265 2.435 4.488 7.916 13.364 21.594 33.393 49.420 70.000 94.898 123.148 152.981 181.945 207.192 225.930 235.922 235.922 225.930 207.192 181.945 152.981 123.148 94.898 70.000 49.420 33.393 21.594 13.364 7.916 4.488 2.435 1.265 0.630 0.300 0.137 0.060 0.025 0.010 0.004 0.001 0.000
 0.000 0.000 0.001 0.004 0.009 0.023 0.055 0.125 0.274 0.575 1.156 2.227 4.105 7.243 12.233 19.772 30.585 45.277 64.146 86.979 112.890 140.259 166.832 189.998 207.192 216.361 216.361 207.192 189.998 166.832 140.259 112.890 86.979 64.146 45.277 30.585 19.772 12.233 7.243 4.105 2.227 1.156 0.575 0.274 0.125 0.055 0.023 0.009 0.003 0.001 0.000
 0.000 0.000 0.001 0.003 0.008 0.020 0.048 0.109 0.239 0.502 1.010 1.946 3.590 6.339 10.712 17.323 26.808 39.700 56.265 76.316 99.076 123.121 146.472 166.832 181.945 190.004 190.004 181.945 166.832 146.472 123.121 99.076 76.316 56.265 39.700 26.808 17.323 10.712 6.339 3.590 1.946 1.010 0.502 0.239 0.109 0.048 0.020 0.008 0.003 0.001 0.000
 0.000 0.000 0.001 0.003 0.007 0.017 0.040 0.091 0.199 0.419 0.843 1.627 3.003 5.306 8.973 14.520 22.483 33.314 47.236 64.095 83.239 103.469 123.121 140.259 152.981 159.766 159.766 152.981 140.259 123.121 103.469 83.239 64.095 47.236 33.314 22.483 14.520 8.973 5.306 3.003 1.627 0.843 0.419 0.199 0.091 0.040 0.017 0.007 0.003 0.001 0.000
 0.000 0.000 0.001 0.002 0.005 0.013 0.031 0.072 0.158 0.334 0.673 1.299 2.402 4.248 7.189 11.643 18.042 26.750 37.951 51.522 66.939 83.239 99.076 112.890 123.148 128.619 128.619 123.148 112.890 99.076 83.239 66.939 51.522 37.951 26.750 18.042 11.643 7.189 4.248 2.402 1.299 0.673 0.334 0.158 0.072 0.031 0.013 0.005 0.002 0.001 0.000
 0.000 0.000 0.001 0.002 0.004 0.010 0.024 0.055 0.120 0.254 0.513 0.992 1.836 3.251 5.508 8.930 13.850 20.551 29.177 39.636 51.522 64.095 76.316 86.979 94.898 99.123 99.123 94.898 86.979 76.316 64.095 51.522 39.636 29.177 20.551 13.850 8.930 5.508 3.251 1.836 0.992 0.513 0.254 0.120 0.055 0.024 0.010 0.004 0.001 0.000 0.000
 0.000 0.000 0.000 0.001 0.003 0.007 0.017 0.040 0.087 0.185 0.374 0.724 1.342 2.379 4.036 6.550 10.170 15.105 21.463 29.177 37.951 47.236 56.265 64.146 70.000 73.123 73.123 70.000 64.146 56.265 47.236 37.951 29.177 21.463 15.105 10.170 6.550 4.036 2.379 1.342 0.724 0.374 0.185 0.087 0.040 0.017 0.007 0.003 0.001 0.000 0.000
 0.000 0.000 0.000 0.001 0.002 0.005 0.012 0.027 0.061 0.128 0.260 0.505 0.937 1.664 2.827 4.595 7.143 10.621 15.105 20.551 26.750 33.314 39.700 45.277 49.420 51.631 51.631 49.420 45.277 39.700 33.314 26.750 20.551 15.105 10.621 7.143 4.595 2.827 1.664 0.937 0.505 0.260 0.128 0.061 0.027 0.012 0.005 0.002 0.001 0.000 0.000
 0.000 0.000 0.000 0.000 0.001 0.003 0.008 0.018 0.040 0.085 0.173 0.336 0.625 1.113 1.894 3.082 4.798 7.143 10.170 13.850 18.042 22.483 26.808 30.585 33.393 34.891 34.891 33.393 30.585 26.808 22.483 18.042 13.850 10.170 7.143 4.798 3.082 1.894 1.113 0.625 0.336 0.173 0.085 0.040 0.018 0.008 0.003 0.001 0.000 0.000 0.000
 0.000 0.000 0.000 0.000 0.001 0.002 0.005 0.011 0.025 0.054 0.110 0.214 0.399 0.711 1.213 1.977 3.082 4.595 6.550 8.930 11.643 14.520 17.323 19.772 21.594 22.566 22.566 21.594 19.772 17.323 14.520 11.643 8.930 6.550 4.595 3.082 1.977 1.213 0.711 0.399 0.214 0.110 0.054 0.025 0.011 0.005 0.002 0.001 0.000 0.000 0.000
 0.000 0.000 0.000 0.000 0.000 0.001 0.003 0.007 0.015 0.033 0.067 0.130 0.243 0.434 0.742 1.213 1.894 2.827 4.036 5.508 7.189 8.973 10.712 12.233 13.364 13.968 13.968 13.364 12.233 10.712 8.973 7.189 5.508 4.036 2.827 1.894 1.213 0.742 0.434 0.243 0.130 0.067 0.033 0.015 0.007 0.003 0.001 0.000 0.000 0.000 0.000
 0.000 0.000 0.000 0.000 0.000 0.001 0.002 0.004 0.009 0.019 0.039 0.076 0.142 0.254 0.434 0.711 1.113 1.664 2.379 3.251 4.248 5.306 6.339 7.243 7.916 8.275 8.275 7.916 7.243 6.339 5.306 4.248 3.251 2.379 1.664 1.113 0.711 0.434 0.254 0.142 0.076 0.039 0.019 0.009 0.004 0.002 0.001 0.000 0.000 0.000 0.000
 0.000 0.000 0.000 0.000 0.000 0.000 0.001 0.002 0.005 0.010 0.021 0.042 0.079 0.142 0.243 0.399 0.625 0.937 1.342 1.836 2.402 3.003 3.590 4.105 4.488 4.692 4.692 4.488 4.105 3.590 3.003 2.402 1.836 1.342 0.937 0.625 0.399 0.243 0.142 0.079 0.042 0.021 0.010 0.005 0.002 0.001 0.000 0.000 0.000 0.000 0.000
 0.000 0.000 0.000 0.000 0.000 0.000 0.000 0.001 0.003 0.005 0.011 0.022 0.042 0.076 0.130 0.214 0.336 0.505 0.724 0.992 1.299 1.627 1.946 2.227 2.435 2.547 2.547 2.435 2.227 1.946 1.627 1.299 0.992 0.724 0.505 0.336 0.214 0.130 0.076 0.042 0.022 0.011 0.005 0.003 0.001 0.000 0.000 0.000 0.000 0.000 0.000
 0.000 0.000 0.000 0.000 0.000 0.000 0.000 0.001 0.001 0.003 0.006 0.011 0.021 0.039 0.067 0.110 0.173 0.260 0.374 0.513 0.673 0.843 1.010 1.156 1.265 1.324 1.324 1.265 1.156 1.010 0.843 0.673 0.513 0.374 0.260 0.173 0.110 0.067 0.039 0.021 0.011 0.006 0.003 0.001 0.001 0.000 0.000 0.000 0.000 0.000 0.000
 0.000 0.000 0.000 0.000 0.000 0.000 0.000 0.000 0.001 0.001 0.003 0.005 0.010 0.019 0.033 0.054 0.085 0.128 0.185 0.254 0.334 0.419 0.502 0.575 0.630 0.659 0.659 0.630 0.575 0.502 0.419 0.334 0.254 0.185 0.128 0.085 0.054 0.033 0.019 0.010 0.005 0.003 0.001 0.001 0.000 0.000 0.000 0.000 0.000 0.000 0.000
 0.000 0.000 0.000 0.000 0.000 0.000 0.000 0.000 0.000 0.001 0.001 0.003 0.005 0.009 0.015 0.025 0.040 0.061 0.087 0.120 0.158 0.199 0.239 0.274 0.300 0.314 0.314 0.300 0.274 0.239 0.199 0.158 0.120 0.087 0.061 0.040 0.025 0.015 0.009 0.005 0.003 0.001 0.001 0.000 0.000 0.000 0.000 0.000 0.000 0.000 0.000
 0.000 0.000 0.000 0.000 0.000 0.000 0.000 0.000 0.000 0.000 0.001 0.001 0.002 0.004 0.007 0.011 0.018 0.027 0.040 0.055 0.072 0.091 0.109 0.125 0.137 0.143 0.143 0.137 0.125 0.109 0.091 0.072 0.055 0.040 0.027 0.018 0.011 0.007 0.004 0.002 0.001 0.001 0.000 0.000 0.000 0.000 0.000 0.000 0.000 0.000 0.000
 0.000 0.000 0.000 0.000 0.000 0.000 0.000 0.000 0.000 0.000 0.000 0.000 0.001 0.002 0.003 0.005 0.008 0.012 0.017 0.024 0.031 0.040 0.048 0.055 0.060 0.063 0.063 0.060 0.055 0.048 0.040 0.031 0.024 0.017 0.012 0.008 0.005 0.003 0.002 0.001 0.000 0.000 0.000 0.000 0.000 0.000 0.000 0.000 0.000 0.000 0.000
 0.000 0.000 0.000 0.000 0.000 0.000 0.000 0.000 0.000 0.000 0.000 0.000 0.000 0.001 0.001 0.002 0.003 0.005 0.007 0.010 0.013 0.017 0.020 0.023 0.025 0.026 0.026 0.025 0.023 0.020 0.017 0.013 0.010 0.007 0.005 0.003 0.002 0.001 0.001 0.000 0.000 0.000 0.000 0.000 0.000 0.000 0.000 0.000 0.000 0.000 0.000
 0.000 0.000 0.000 0.000 0.000 0.000 0.000 0.000 0.000 0.000 0.000 0.000 0.000 0.000 0.000 0.001 0.001 0.002 0.003 0.004 0.005 0.007 0.008 0.009 0.010 0.011 0.011 0.010 0.009 0.008 0.007 0.005 0.004 0.003 0.002 0.001 0.001 0.000 0.000 0.000 0.000 0.000 0.000 0.000 0.000 0.000 0.000 0.000 0.000 0.000 0.000
 0.000 0.000 0.000 0.000 0.000 0.000 0.000 0.000 0.000 0.000 0.000 0.000 0.000 0.000 0.000 0.000 0.000 0.001 0.001 0.001 0.002 0.003 0.003 0.003 0.004 0.004 0.004 0.004 0.003 0.003 0.003 0.002 0.001 0.001 0.001 0.000 0.000 0.000 0.000 0.000 0.000 0.000 0.000 0.000 0.000 0.000 0.000 0.000 0.000 0.000 0.000
 0.000 0.000 0.000 0.000 0.000 0.000 0.000 0.000 0.000 0.000 0.000 0.000 0.000 0.000 0.000 0.000 0.000 0.000 0.000 0.000 0.001 0.001 0.001 0.001 0.001 0.001 0.001 0.001 0.001 0.001 0.001 0.001 0.000 0.000 0.000 0.000 0.000 0.000 0.000 0.000 0.000 0.000 0.000 0.000 0.000 0.000 0.000 0.000 0.000 0.000 0.000
 0.000 0.000 0.000 0.000 0.000 0.000 0.000 0.000 0.000 0.000 0.000 0.000 0.000 0.000 0.000 0.000 0.000 0.000 0.000 0.000 0.000 0.000 0.000 0.000 0.000 0.000 0.000 0.000 0.000 0.000 0.000 0.000 0.000 0.000 0.000 0.000 0.000 0.000 0.000 0.000 0.000 0.000 0.000 0.000 0.000 0.000 0.000 0.000 0.000 0.000 0.000
